##data format
##objectcode   blockX   blockY
001   5   6
001   7   6
001   9   6
001  11   6
001  13   6
001  15   6
001  17   6
001   5   8
001  17   8
001   5  10
001  17  10
001   5  12
001  17  12
001   5  14
001  17  14
001   5  16
001  17  16
001   5  18
001   7  18
001   9  18
001  11  18
001  13  18
001  15  18
001  17  18
002   8   7   3[12]
002   8   8   3[12]
002   8   9   3[12]
002   8  10   3[12]
002   8  11   3[12]
002   9   7   3[12]
002   9   8   3[12]
002   9   9   3[12]
002   9  10   3[12]
002   9  11   3[12]
002  10   7   3[12]
002  10   8   3[12]
002  10   9   3[12]
002  10  10   3[12]
002  10  11   3[12]
002  11   7   3[12]
002  11   8   3[12]
002  11   9   3[12]
002  11  10   3[12]
002  11  11   3[12]