##data format
##objectcode   blockX   blockY   functionParameter(0[enter] 1[interact] 2[step] 3[exit])
001   0   1
001   2   1
001   4   1
001   6   1
001   8   1
001  10   1
001  12   1
001  14   1
001  16   1
001  20   1
001  22   1
001  24   1
001  26   1
001  28   1
001  30   1
001  32   1
001  34   1
001   0   3
001   2   3
001   4   3
001   6   3
001   8   3
001  10   3
001  12   3
001  14   3
001  16   3
001  20   3
001  22   3
001  24   3
001  26   3
001  28   3
001  30   3
001  32   3
001  34   3
001   0   5
001   2   5
001   4   5
001   6   5
001   8   5
001  10   5
001  12   5
001  14   5
001  16   5
001  20   5
001  22   5
001  24   5
001  26   5
001  28   5
001  30   5
001  32   5
001  34   5
001   0   7
001   2   7
001   4   7
001   6   7
001   8   7
001  26   7
001  28   7
001  30   7
001  32   7
001  34   7
001   0   9
001   2   9
001   4   9
001   6   9
001  28   9
001  30   9
001  32   9
001  34   9
001   0  11
001   2  11
001   4  11
001   6  11
001  28  11
001  30  11
001  32  11
001  34  11
001   0  13
001   2  13
001   4  13
001   6  13
001  28  13
001  30  13
001  32  13
001  34  13
001   0  15
001   2  15
001   4  15
001   6  15
001  28  15
001  30  15
001  32  15
001  34  15
001   0  17
001   2  17
001   4  17
001   6  17
001  28  17
001  30  17
001  32  17
001  34  17
001   0  19
001   2  19
001   4  19
001   6  19
001  28  19
001  30  19
001  32  19
001  34  19
001   0  21
001   2  21
001   4  21
001   6  21
001  26  21
001  28  21
001  30  21
001  32  21
001  34  21
001   0  23
001   2  23
001   4  23
001   6  23
001   8  23
001  24  23
001  26  23
001  28  23
001  30  23
001  32  23
001  34  23
001   0  25
001   2  25
001   4  25
001   6  25
001   8  25
001  10  25
001  12  25
001  14  25
001  16  25
001  18  25
001  20  25
001  22  25
001  24  25
001  26  25
001  28  25
001  30  25
001  32  25
001  34  25
001   0  27
001   2  27
001   4  27
001   6  27
001   8  27
001  10  27
001  12  27
001  14  27
001  16  27
001  18  27
001  20  27
001  22  27
001  24  27
001  26  27
001  28  27
001  30  27
001  32  27
001  34  27
001   0  29
001   2  29
001   4  29
001   6  29
001   8  29
001  10  29
001  12  29
001  14  29
001  16  29
001  18  29
001  20  29
001  22  29
001  24  29
001  26  29
001  28  29
001  30  29
001  32  29
001  34  29
003  10  12
004  21  12
005  11  20
006  13  12   2[beta/7/7]   0[20]
006  22  12   2[beta/7/7]   0[20]
007  15  20   2[beta/7/7]   0[20]
008  15  12
008  20  12
008  23  17
008  14  21
009  13  13
009  22  13
009  15  21
010  27  11
010   8  12
010  26  12
010   9  13
010  27  13
010   8  14
010  11  14
010  24  14
010  26  14
010  11  21
010  12  21
010  13  21
010  11  22
010  12  22
010  13  22